1111111111111111111111111111111111111111111111111111111
1P00000000000110000000000000000011010111110110111110101
1011010111110110111110101100000P00000000000110000000000
1010010100010110100010100100000010010100010110100010100
1011010100110110100110101100000011010100110110100110101
1000000000000000000000000000000000000000000000000000000
1011110110111111110110111100000011110110111111110110111
1011110110111111110110111100000011110110111111110110111
1000000110000110000110000000000000000110000110000110000
1111110111110110111110111110000111110111110110111110111
1000010111110110111110100000000000010111110110111110100
1000010110000000000110100000000000010110000000000110100
1000010110111001110110100000000000010110111001110110100
1000000110100000010110000000000000000110100000010110000
1000000000100000010000000000000000000000100000010000000
1000010110100000010110100000000000010110100000010110100
1000010110111111110110100000000000010110111111110110100
100001011C00000000011010000000000001011C000000000110100
1000010110111111110110100000000000010110111111110110100
1111110110111111110110111110000111110110111111110110111
1000000000000110000000000000000000000000000110000000000
1011110111110110111110111100000011110111110110111110111
1011110111110110111110111100000011110111110110111110111
1000110000000000000000110000000000110000000000000000110
1110110110111111110110110110000110110110111111110110110
1110110110111111110110110110000110110110111111110110110
1000000110000110000110000000000000000110000110000110000
1011111111110110111111111100000011111111110110111111111
1000000000000000000000000000000000000000000000000000000
1111111111111111111111111111111111111111111111111111111